24
16
78
1000
0 830 0 0 0 0 496 50 247 60 0 0 0 0 0 0 0 0 0 213 0 0 0 0
830 0 0 0 0 235 789 0 409 0 0 0 0 0 0 759 0 0 0 0 0 0 0 549
0 0 0 0 0 889 0 0 113 0 0 7 0 0 0 0 0 95 0 0 0 407 0 647
0 0 0 0 18 996 0 622 572 0 0 866 0 384 0 0 0 0 402 0 0 0 0 0
0 0 0 18 0 960 0 170 0 647 353 0 0 0 195 0 147 0 0 0 291 602 817 0
0 235 889 996 960 0 0 0 0 0 108 0 366 0 0 0 0 871 169 0 630 0 0 0
496 789 0 0 0 0 0 0 0 896 0 871 288 0 0 915 0 0 376 0 113 0 926 0
50 0 0 622 170 0 0 0 0 0 0 0 0 0 946 0 391 0 0 0 0 0 0 0
247 409 113 572 0 0 0 0 0 0 0 0 0 0 489 0 0 0 0 0 399 0 0 787
60 0 0 0 647 0 896 0 0 0 0 391 0 0 245 541 0 0 0 0 0 0 243 0
0 0 0 0 353 108 0 0 0 0 0 0 0 0 0 0 0 0 0 0 0 0 651 50
0 0 7 866 0 0 871 0 0 391 0 0 0 0 0 0 0 321 0 0 0 549 0 127
0 0 0 0 0 366 288 0 0 0 0 0 0 32 0 0 0 45 0 0 0 631 0 0
0 0 0 384 0 0 0 0 0 0 0 0 32 0 151 0 0 0 373 0 0 0 0 0
0 0 0 0 195 0 0 946 489 245 0 0 0 151 0 0 388 967 0 0 0 0 0 0
0 759 0 0 0 0 915 0 0 541 0 0 0 0 0 0 0 0 0 0 605 0 0 817
0 0 0 0 147 0 0 391 0 0 0 0 0 0 388 0 0 0 0 0 0 261 30 0
0 0 95 0 0 871 0 0 0 0 0 321 45 0 967 0 0 0 0 0 0 675 0 0
0 0 0 402 0 169 376 0 0 0 0 0 0 373 0 0 0 0 0 271 0 998 0 0
213 0 0 0 0 0 0 0 0 0 0 0 0 0 0 0 0 0 271 0 0 666 821 1000
0 0 0 0 291 630 113 0 399 0 0 0 0 0 0 605 0 0 0 0 0 0 0 0
0 0 407 0 602 0 0 0 0 0 0 549 631 0 0 0 261 675 998 666 0 0 0 382
0 0 0 0 817 0 926 0 0 243 651 0 0 0 0 0 30 0 0 821 0 0 0 726
0 549 647 0 0 0 0 0 787 0 50 127 0 0 0 817 0 0 0 1000 0 382 726 0
